m =  [	1  3  3  4  4  4  4   5 ;	    	1  1  1  1  1  5  5   5 ; 		    2  2  2  7  7  7  7   7 ;   		    2  3  2  2  1  3  3   3 ;    		    6  6  6  6  8  8  8   8 ;   		    4  4  4  4  4  4  4   4 ]