# Created by Octave 4.4.1, Mon Apr 01 12:16:35 2019 CEST <egv@wlandpr1101.uca.es>
# name: R
# type: uint8 matrix
# ndims: 2
 128 128
 56
 89
 79
 82
 82
 75
 76
 74
 83
 82
 79
 135
 160
 155
 160
 165
 166
 157
 99
 72
 85
 87
 78
 78
 84
 81
 112
 167
 167
 164
 165
 137
 78
 80
 82
 86
 106
 160
 167
 160
 163
 170
 171
 159
 157
 164
 170
 128
 79
 79
 86
 119
 160
 160
 163
 169
 171
 171
 171
 171
 170
 164
 125
 80
 80
 82
 136
 166
 165
 167
 134
 82
 77
 72
 71
 77
 70
 71
 70
 65
 72
 74
 73
 73
 84
 149
 159
 157
 158
 151
 152
 108
 57
 65
 67
 60
 56
 54
 55
 70
 132
 139
 139
 78
 46
 50
 50
 53
 51
 77
 142
 142
 131
 88
 40
 44
 42
 43
 57
 54
 47
 38
 38
 43
 53
 47
 50
 31
 80
 132
 130
 129
 123
 120
 127
 115
 114
 115
 113
 134
 213
 255
 255
 255
 255
 255
 247
 165
 134
 132
 119
 117
 127
 131
 138
 234
 255
 255
 255
 255
 178
 127
 137
 131
 132
 149
 213
 255
 245
 219
 207
 233
 255
 255
 225
 153
 120
 127
 135
 223
 255
 255
 255
 255
 255
 255
 255
 255
 255
 255
 255
 173
 122
 127
 189
 255
 255
 255
 251
 151
 121
 111
 102
 118
 114
 113
 112
 120
 108
 106
 103
 111
 125
 179
 255
 255
 255
 255
 255
 244
 140
 92
 98
 104
 101
 92
 89
 189
 246
 246
 249
 161
 82
 78
 84
 79
 80
 160
 255
 250
 233
 139
 66
 69
 64
 62
 62
 63
 66
 70
 65
 66
 78
 81
 75
 46
 82
 115
 116
 111
 110
 105
 108
 115
 98
 109
 111
 100
 105
 157
 238
 255
 253
 253
 255
 251
 181
 122
 121
 121
 112
 118
 111
 136
 244
 255
 253
 255
 245
 153
 110
 109
 117
 114
 113
 140
 126
 114
 117
 134
 165
 165
 125
 131
 125
 127
 118
 147
 211
 234
 252
 255
 255
 255
 255
 253
 253
 253
 255
 219
 128
 112
 135
 235
 255
 253
 255
 189
 108
 104
 95
 99
 109
 111
 102
 109
 108
 101
 104
 103
 114
 118
 161
 240
 254
 243
 232
 239
 181
 97
 87
 86
 97
 93
 91
 200
 235
 246
 248
 188
 82
 82
 73
 75
 99
 176
 253
 236
 213
 106
 61
 67
 68
 66
 68
 62
 56
 69
 74
 65
 71
 76
 70
 41
 74
 122
 120
 113
 110
 107
 104
 106
 105
 113
 112
 120
 113
 105
 129
 205
 255
 255
 253
 255
 248
 147
 107
 120
 125
 119
 115
 108
 177
 255
 255
 254
 255
 222
 133
 117
 117
 117
 111
 114
 111
 121
 133
 123
 119
 113
 114
 119
 119
 120
 119
 107
 107
 135
 157
 161
 190
 219
 242
 255
 255
 255
 255
 255
 217
 139
 118
 190
 255
 254
 255
 238
 136
 102
 108
 107
 113
 106
 99
 98
 99
 98
 119
 169
 218
 233
 224
 206
 221
 249
 249
 237
 145
 92
 85
 85
 91
 83
 85
 190
 243
 247
 249
 213
 91
 83
 77
 67
 75
 182
 255
 229
 202
 91
 65
 69
 64
 60
 69
 68
 66
 67
 56
 77
 81
 67
 79
 46
 74
 108
 104
 126
 119
 121
 114
 103
 118
 116
 103
 103
 105
 109
 108
 112
 173
 238
 255
 255
 255
 213
 112
 112
 119
 112
 115
 117
 128
 209
 255
 254
 254
 255
 170
 115
 124
 123
 122
 114
 122
 123
 125
 146
 149
 121
 117
 118
 108
 113
 112
 110
 114
 115
 116
 116
 108
 105
 125
 156
 195
 221
 236
 245
 226
 147
 122
 140
 235
 255
 254
 255
 182
 111
 118
 118
 107
 106
 108
 102
 97
 146
 224
 255
 255
 255
 255
 214
 114
 142
 167
 132
 89
 96
 99
 83
 93
 101
 91
 171
 244
 250
 251
 230
 112
 76
 81
 77
 84
 206
 251
 218
 187
 85
 66
 76
 69
 51
 68
 69
 66
 68
 66
 75
 71
 66
 66
 48
 74
 116
 119
 117
 116
 110
 119
 105
 111
 122
 195
 155
 103
 111
 116
 112
 108
 135
 198
 250
 255
 249
 138
 115
 125
 115
 117
 114
 125
 142
 213
 255
 255
 255
 185
 111
 116
 121
 123
 114
 116
 120
 129
 202
 243
 204
 174
 128
 118
 130
 125
 117
 124
 124
 109
 109
 112
 107
 108
 121
 118
 115
 131
 128
 116
 114
 124
 116
 182
 255
 254
 255
 232
 134
 112
 114
 111
 107
 107
 108
 171
 248
 255
 254
 254
 255
 225
 132
 96
 96
 86
 84
 90
 88
 111
 102
 98
 93
 83
 141
 244
 253
 253
 245
 140
 79
 78
 75
 106
 221
 230
 211
 174
 68
 56
 59
 70
 59
 66
 64
 60
 69
 67
 75
 72
 73
 69
 45
 71
 128
 116
 111
 114
 114
 106
 109
 106
 132
 251
 249
 153
 110
 105
 110
 110
 111
 118
 152
 204
 219
 133
 113
 114
 123
 113
 111
 119
 112
 122
 160
 200
 186
 121
 117
 114
 117
 111
 112
 118
 125
 120
 192
 246
 253
 255
 184
 123
 123
 117
 115
 129
 125
 114
 109
 119
 121
 121
 117
 117
 116
 110
 107
 102
 111
 122
 120
 137
 240
 255
 254
 255
 176
 105
 106
 102
 96
 115
 193
 255
 255
 254
 255
 255
 204
 122
 102
 107
 99
 91
 93
 86
 93
 94
 97
 102
 97
 86
 113
 233
 253
 253
 251
 164
 77
 81
 78
 116
 218
 214
 209
 164
 66
 66
 62
 58
 66
 65
 63
 64
 71
 68
 67
 62
 64
 76
 43
 73
 115
 124
 113
 110
 106
 103
 113
 110
 146
 251
 255
 237
 127
 109
 113
 116
 114
 118
 109
 112
 109
 113
 119
 117
 122
 128
 109
 109
 119
 122
 112
 113
 121
 112
 113
 113
 111
 114
 118
 120
 117
 110
 146
 242
 251
 255
 250
 169
 119
 117
 120
 109
 116
 118
 121
 123
 117
 123
 112
 111
 107
 104
 106
 105
 108
 108
 112
 120
 203
 255
 255
 255
 209
 108
 103
 101
 113
 198
 255
 255
 254
 255
 253
 190
 106
 94
 96
 113
 110
 96
 93
 88
 98
 95
 89
 93
 81
 86
 96
 214
 250
 251
 254
 194
 84
 80
 88
 98
 195
 212
 207
 137
 59
 66
 59
 70
 62
 69
 67
 69
 68
 59
 60
 60
 61
 62
 41
 73
 119
 116
 109
 103
 101
 104
 111
 106
 174
 255
 253
 255
 203
 113
 111
 112
 108
 108
 129
 126
 111
 110
 111
 120
 118
 116
 107
 106
 107
 113
 105
 108
 111
 109
 118
 114
 112
 116
 118
 114
 117
 123
 125
 205
 255
 254
 255
 236
 138
 116
 108
 111
 111
 110
 117
 129
 113
 117
 125
 131
 147
 156
 156
 159
 156
 135
 115
 108
 140
 205
 227
 255
 242
 127
 101
 114
 198
 255
 255
 254
 255
 244
 159
 109
 114
 102
 102
 102
 106
 95
 93
 140
 161
 116
 92
 89
 88
 81
 81
 177
 245
 242
 250
 216
 95
 76
 85
 74
 131
 215
 201
 104
 59
 63
 54
 63
 74
 62
 68
 74
 68
 55
 50
 52
 58
 64
 44
 76
 128
 152
 131
 113
 125
 113
 114
 104
 194
 255
 253
 255
 251
 147
 110
 116
 107
 143
 237
 238
 183
 118
 107
 117
 114
 111
 114
 111
 112
 110
 116
 117
 112
 107
 117
 125
 122
 119
 113
 114
 115
 126
 120
 138
 236
 255
 254
 255
 200
 125
 117
 121
 111
 113
 108
 122
 159
 195
 224
 241
 254
 255
 255
 255
 251
 241
 226
 160
 112
 105
 116
 198
 239
 132
 110
 149
 249
 255
 254
 255
 235
 144
 101
 107
 107
 101
 104
 108
 91
 97
 174
 236
 234
 160
 83
 81
 89
 84
 82
 121
 231
 235
 237
 230
 115
 80
 73
 69
 88
 191
 170
 68
 61
 54
 59
 64
 70
 61
 59
 66
 68
 115
 150
 124
 72
 71
 46
 123
 238
 252
 244
 185
 114
 101
 117
 114
 160
 255
 255
 254
 255
 207
 115
 124
 111
 177
 255
 255
 255
 202
 124
 111
 115
 109
 107
 108
 110
 119
 129
 123
 118
 114
 116
 111
 115
 114
 116
 114
 117
 126
 124
 120
 168
 253
 255
 255
 245
 147
 113
 125
 124
 120
 158
 219
 252
 255
 255
 255
 255
 254
 254
 251
 255
 255
 255
 177
 119
 119
 115
 120
 133
 116
 104
 168
 254
 255
 255
 228
 135
 98
 105
 103
 99
 88
 93
 99
 111
 191
 244
 224
 222
 182
 94
 85
 76
 79
 86
 89
 173
 234
 228
 230
 113
 80
 81
 69
 65
 88
 81
 68
 61
 68
 60
 52
 57
 64
 70
 55
 57
 162
 220
 212
 174
 98
 34
 170
 255
 252
 255
 209
 109
 110
 118
 118
 126
 237
 255
 254
 255
 253
 156
 122
 114
 145
 247
 255
 254
 255
 223
 149
 116
 111
 107
 108
 109
 111
 126
 141
 155
 153
 147
 144
 133
 135
 133
 128
 121
 118
 120
 128
 132
 211
 255
 254
 255
 185
 120
 118
 124
 200
 248
 255
 254
 254
 254
 255
 255
 255
 255
 243
 219
 186
 146
 116
 108
 114
 121
 110
 112
 109
 109
 217
 255
 255
 201
 117
 104
 95
 87
 97
 106
 92
 96
 121
 211
 249
 232
 223
 238
 177
 93
 81
 76
 84
 88
 83
 93
 168
 213
 182
 83
 64
 66
 71
 66
 55
 64
 69
 57
 62
 60
 49
 57
 78
 72
 64
 65
 146
 230
 219
 215
 182
 51
 160
 255
 255
 219
 122
 125
 120
 108
 102
 106
 180
 255
 254
 254
 255
 218
 120
 114
 108
 185
 255
 252
 255
 255
 248
 187
 122
 103
 104
 135
 205
 234
 244
 251
 253
 248
 241
 238
 234
 233
 232
 229
 225
 217
 164
 130
 148
 237
 255
 255
 230
 131
 113
 139
 237
 249
 249
 255
 255
 255
 247
 225
 202
 166
 135
 114
 100
 104
 113
 112
 109
 111
 99
 96
 116
 126
 224
 236
 173
 110
 97
 93
 98
 92
 100
 109
 97
 124
 213
 254
 243
 229
 239
 234
 128
 94
 83
 86
 87
 83
 83
 83
 75
 100
 79
 74
 72
 64
 63
 65
 60
 58
 63
 62
 66
 69
 65
 64
 63
 61
